$ 1 0.000005 1.700203994009402 35 5 50 5e-11
w 240 240 400 240 0
w 240 352 400 352 0
r 240 240 240 352 0 1000
c 400 240 400 352 4 0.00001 999.0394997424532 0.001 0.1
g 240 160 240 144 0 0
g 240 352 240 384 0 0
i 240 160 240 240 0 1
i 512 160 512 240 0 1
g 512 352 512 384 0 0
g 512 160 512 144 0 0
r 512 240 512 352 0 1000
g 640 160 640 144 0 0
g 640 352 640 384 0 0
i 640 160 640 240 0 1
c 640 240 640 352 4 0.00001 6948.751 0.001 0.1
o 3 64 0 4099 1280 1.6 0 4 3 3 2 0 2 3
o 10 64 0 4099 1280 1.6 1 2 10 3
o 14 64 0 4099 10240 1.6 2 2 14 3
